221 221 221 221 221 221 221 221 221 221 221 221 221 221 221 221
221 221 221 221 221 221 221 221 221 221 221 221 221 221 221 221
221 221 221 221 221 221 221 221 221 221 221 221 221 221 221 221
221 221 221 221 221 221 221 221 221 221 221 221 221 221 221 221
221 221 221 221 221 221 221 221 221 221  98  98 221 221 221 221
221 221 221 221 221 221 221 221 110 110 113 125 134  47 221 221
221 221 221 221 221 221 221 106  29  72 108 134 122 221 221 221
221 221 221 221 221 221 108  93  94  93  63 115 221 221 221 221
221 221 221 221 221  73 109 125  67  90  86 221 221 221 221 221
221 221 221 221 221  89 117 121 122  49 221 221 221 221 221 221
221 221 221 221  91  92 221 221 221 221 221 221 221 221 221 221
221 221 221 105  66 221 221 221 221 221 221 221 221 221 221 221
221 221  92  54 221 221 221 221 221 221 221 221 221 221 221 221
221 221 221 221 221 221 221 221 221 221 221 221 221 221 221 221
221 221 221 221 221 221 221 221 221 221 221 221 221 221 221 221
221 221 221 221 221 221 221 221 221 221 221 221 221 221 221 221
221 221 221 221 221 221 221 221 221 221 221 221 221 221 221 221
221 221 221 221 221 221 221 221 221 221 221 221 221 221 221 221
221 221 221 221 221 221 221 221 221 221 221 221 221 221 221 221
221 221 221 221 221 221 221 221 221 221 221 221 221 221 221 221
221 221 221 221 221 221 221 221 221 221 146 134 221 221 221 221
221 221 221 221 221 221 221 221 164 157 154 165 187  79 221 221
221 221 221 221 221 221 221 157  48 114 152 190 174 221 221 221
221 221 221 221 221 221 169 135 143 143 104 171 221 221 221 221
221 221 221 221 221 119 167 181 104 145 140 221 221 221 221 221
221 221 221 221 221 142 176 178 178  75 221 221 221 221 221 221
221 221 221 221 152 151 221 221 221 221 221 221 221 221 221 221
221 221 221 164 112 221 221 221 221 221 221 221 221 221 221 221
221 221 152  96 221 221 221 221 221 221 221 221 221 221 221 221
221 221 221 221 221 221 221 221 221 221 221 221 221 221 221 221
221 221 221 221 221 221 221 221 221 221 221 221 221 221 221 221
221 221 221 221 221 221 221 221 221 221 221 221 221 221 221 221
221 221 221 221 221 221 221 221 221 221 221 221 221 221 221 221
221 221 221 221 221 221 221 221 221 221 221 221 221 221 221 221
221 221 221 221 221 221 221 221 221 221 221 221 221 221 221 221
221 221 221 221 221 221 221 221 221 221 221 221 221 221 221 221
221 221 221 221 221 221 221 221 221 221 170 157 221 221 221 221
221 221 221 221 221 221 221 221 199 181 176 187 221 101 221 221
221 221 221 221 221 221 221 189  62 146 176 225 207 221 221 221
221 221 221 221 221 221 205 166 174 178 132 206 221 221 221 221
221 221 221 221 221 149 200 219 129 178 175 221 221 221 221 221
221 221 221 221 221 184 211 213 207  91 221 221 221 221 221 221
221 221 221 221 196 192 221 221 221 221 221 221 221 221 221 221
221 221 221 205 149 221 221 221 221 221 221 221 221 221 221 221
221 221 195 127 221 221 221 221 221 221 221 221 221 221 221 221
221 221 221 221 221 221 221 221 221 221 221 221 221 221 221 221
221 221 221 221 221 221 221 221 221 221 221 221 221 221 221 221
221 221 221 221 221 221 221 221 221 221 221 221 221 221 221 221

221 221 221 221 221 221 221 221 221 221 221 221 221 221 221 221
221 221 221 221 221 221 221 221 221 221 221 221 221 221 221 221
221 221 221 221 221  47 221 221 221 221 221 221 221 221 221 221
221 221 221 221 221 134 122 221 221 221 221 221 221 221 221 221
221 221 221 221  98 125 134 115 221 221 221 221 221 221 221 221
221 221 221 221  98 113 108  63  86 221 221 221 221 221 221 221
221 221 221 221 221 110  72  93  90  49 221 221 221 221 221 221
221 221 221 221 221 110  29  94  67 122 221 221 221 221 221 221
221 221 221 221 221 221 106  93 125 121 221 221 221 221 221 221
221 221 221 221 221 221 221 108 109 117 221 221 221 221 221 221
221 221 221 221 221 221 221 221  73  89  92 221 221 221 221 221
221 221 221 221 221 221 221 221 221 221  91  66 221 221 221 221
221 221 221 221 221 221 221 221 221 221 221 105  54 221 221 221
221 221 221 221 221 221 221 221 221 221 221 221  92 221 221 221
221 221 221 221 221 221 221 221 221 221 221 221 221 221 221 221
221 221 221 221 221 221 221 221 221 221 221 221 221 221 221 221
221 221 221 221 221 221 221 221 221 221 221 221 221 221 221 221
221 221 221 221 221 221 221 221 221 221 221 221 221 221 221 221
221 221 221 221 221  79 221 221 221 221 221 221 221 221 221 221
221 221 221 221 221 187 174 221 221 221 221 221 221 221 221 221
221 221 221 221 134 165 190 171 221 221 221 221 221 221 221 221
221 221 221 221 146 154 152 104 140 221 221 221 221 221 221 221
221 221 221 221 221 157 114 143 145  75 221 221 221 221 221 221
221 221 221 221 221 164  48 143 104 178 221 221 221 221 221 221
221 221 221 221 221 221 157 135 181 178 221 221 221 221 221 221
221 221 221 221 221 221 221 169 167 176 221 221 221 221 221 221
221 221 221 221 221 221 221 221 119 142 151 221 221 221 221 221
221 221 221 221 221 221 221 221 221 221 152 112 221 221 221 221
221 221 221 221 221 221 221 221 221 221 221 164  96 221 221 221
221 221 221 221 221 221 221 221 221 221 221 221 152 221 221 221
221 221 221 221 221 221 221 221 221 221 221 221 221 221 221 221
221 221 221 221 221 221 221 221 221 221 221 221 221 221 221 221
221 221 221 221 221 221 221 221 221 221 221 221 221 221 221 221
221 221 221 221 221 221 221 221 221 221 221 221 221 221 221 221
221 221 221 221 221 101 221 221 221 221 221 221 221 221 221 221
221 221 221 221 221 221 207 221 221 221 221 221 221 221 221 221
221 221 221 221 157 187 225 206 221 221 221 221 221 221 221 221
221 221 221 221 170 176 176 132 175 221 221 221 221 221 221 221
221 221 221 221 221 181 146 178 178  91 221 221 221 221 221 221
221 221 221 221 221 199  62 174 129 207 221 221 221 221 221 221
221 221 221 221 221 221 189 166 219 213 221 221 221 221 221 221
221 221 221 221 221 221 221 205 200 211 221 221 221 221 221 221
221 221 221 221 221 221 221 221 149 184 192 221 221 221 221 221
221 221 221 221 221 221 221 221 221 221 196 149 221 221 221 221
221 221 221 221 221 221 221 221 221 221 221 205 127 221 221 221
221 221 221 221 221 221 221 221 221 221 221 221 195 221 221 221
221 221 221 221 221 221 221 221 221 221 221 221 221 221 221 221
221 221 221 221 221 221 221 221 221 221 221 221 221 221 221 221

221 221 221 221 221 221 221 221 221 221 221 221 221 221 221 221
221 221 221 221 221 221 221 221 221 221 221 221 221 221 221 221
221 221 221 221 221 221 221 221 221 221 221 221 221 221 221 221
221 221 221 221 221 221 221 221 221 221 221 221  54  92 221 221
221 221 221 221 221 221 221 221 221 221 221  66 105 221 221 221
221 221 221 221 221 221 221 221 221 221  92  91 221 221 221 221
221 221 221 221 221 221  49 122 121 117  89 221 221 221 221 221
221 221 221 221 221  86  90  67 125 109  73 221 221 221 221 221
221 221 221 221 115  63  93  94  93 108 221 221 221 221 221 221
221 221 221 122 134 108  72  29 106 221 221 221 221 221 221 221
221 221  47 134 125 113 110 110 221 221 221 221 221 221 221 221
221 221 221 221  98  98 221 221 221 221 221 221 221 221 221 221
221 221 221 221 221 221 221 221 221 221 221 221 221 221 221 221
221 221 221 221 221 221 221 221 221 221 221 221 221 221 221 221
221 221 221 221 221 221 221 221 221 221 221 221 221 221 221 221
221 221 221 221 221 221 221 221 221 221 221 221 221 221 221 221
221 221 221 221 221 221 221 221 221 221 221 221 221 221 221 221
221 221 221 221 221 221 221 221 221 221 221 221 221 221 221 221
221 221 221 221 221 221 221 221 221 221 221 221 221 221 221 221
221 221 221 221 221 221 221 221 221 221 221 221  96 152 221 221
221 221 221 221 221 221 221 221 221 221 221 112 164 221 221 221
221 221 221 221 221 221 221 221 221 221 151 152 221 221 221 221
221 221 221 221 221 221  75 178 178 176 142 221 221 221 221 221
221 221 221 221 221 140 145 104 181 167 119 221 221 221 221 221
221 221 221 221 171 104 143 143 135 169 221 221 221 221 221 221
221 221 221 174 190 152 114  48 157 221 221 221 221 221 221 221
221 221  79 187 165 154 157 164 221 221 221 221 221 221 221 221
221 221 221 221 134 146 221 221 221 221 221 221 221 221 221 221
221 221 221 221 221 221 221 221 221 221 221 221 221 221 221 221
221 221 221 221 221 221 221 221 221 221 221 221 221 221 221 221
221 221 221 221 221 221 221 221 221 221 221 221 221 221 221 221
221 221 221 221 221 221 221 221 221 221 221 221 221 221 221 221
221 221 221 221 221 221 221 221 221 221 221 221 221 221 221 221
221 221 221 221 221 221 221 221 221 221 221 221 221 221 221 221
221 221 221 221 221 221 221 221 221 221 221 221 221 221 221 221
221 221 221 221 221 221 221 221 221 221 221 221 127 195 221 221
221 221 221 221 221 221 221 221 221 221 221 149 205 221 221 221
221 221 221 221 221 221 221 221 221 221 192 196 221 221 221 221
221 221 221 221 221 221  91 207 213 211 184 221 221 221 221 221
221 221 221 221 221 175 178 129 219 200 149 221 221 221 221 221
221 221 221 221 206 132 178 174 166 205 221 221 221 221 221 221
221 221 221 207 225 176 146  62 189 221 221 221 221 221 221 221
221 221 101 221 187 176 181 199 221 221 221 221 221 221 221 221
221 221 221 221 157 170 221 221 221 221 221 221 221 221 221 221
221 221 221 221 221 221 221 221 221 221 221 221 221 221 221 221
221 221 221 221 221 221 221 221 221 221 221 221 221 221 221 221
221 221 221 221 221 221 221 221 221 221 221 221 221 221 221 221
221 221 221 221 221 221 221 221 221 221 221 221 221 221 221 221

221 221 221 221 221 221 221 221 221 221 221 221 221 221 221 221
221 221 221 221 221 221 221 221 221 221 221 221 221 221 221 221
221 221 221  92 221 221 221 221 221 221 221 221 221 221 221 221
221 221 221  54 105 221 221 221 221 221 221 221 221 221 221 221
221 221 221 221  66  91 221 221 221 221 221 221 221 221 221 221
221 221 221 221 221  92  89  73 221 221 221 221 221 221 221 221
221 221 221 221 221 221 117 109 108 221 221 221 221 221 221 221
221 221 221 221 221 221 121 125  93 106 221 221 221 221 221 221
221 221 221 221 221 221 122  67  94  29 110 221 221 221 221 221
221 221 221 221 221 221  49  90  93  72 110 221 221 221 221 221
221 221 221 221 221 221 221  86  63 108 113  98 221 221 221 221
221 221 221 221 221 221 221 221 115 134 125  98 221 221 221 221
221 221 221 221 221 221 221 221 221 122 134 221 221 221 221 221
221 221 221 221 221 221 221 221 221 221  47 221 221 221 221 221
221 221 221 221 221 221 221 221 221 221 221 221 221 221 221 221
221 221 221 221 221 221 221 221 221 221 221 221 221 221 221 221
221 221 221 221 221 221 221 221 221 221 221 221 221 221 221 221
221 221 221 221 221 221 221 221 221 221 221 221 221 221 221 221
221 221 221 152 221 221 221 221 221 221 221 221 221 221 221 221
221 221 221  96 164 221 221 221 221 221 221 221 221 221 221 221
221 221 221 221 112 152 221 221 221 221 221 221 221 221 221 221
221 221 221 221 221 151 142 119 221 221 221 221 221 221 221 221
221 221 221 221 221 221 176 167 169 221 221 221 221 221 221 221
221 221 221 221 221 221 178 181 135 157 221 221 221 221 221 221
221 221 221 221 221 221 178 104 143  48 164 221 221 221 221 221
221 221 221 221 221 221  75 145 143 114 157 221 221 221 221 221
221 221 221 221 221 221 221 140 104 152 154 146 221 221 221 221
221 221 221 221 221 221 221 221 171 190 165 134 221 221 221 221
221 221 221 221 221 221 221 221 221 174 187 221 221 221 221 221
221 221 221 221 221 221 221 221 221 221  79 221 221 221 221 221
221 221 221 221 221 221 221 221 221 221 221 221 221 221 221 221
221 221 221 221 221 221 221 221 221 221 221 221 221 221 221 221
221 221 221 221 221 221 221 221 221 221 221 221 221 221 221 221
221 221 221 221 221 221 221 221 221 221 221 221 221 221 221 221
221 221 221 195 221 221 221 221 221 221 221 221 221 221 221 221
221 221 221 127 205 221 221 221 221 221 221 221 221 221 221 221
221 221 221 221 149 196 221 221 221 221 221 221 221 221 221 221
221 221 221 221 221 192 184 149 221 221 221 221 221 221 221 221
221 221 221 221 221 221 211 200 205 221 221 221 221 221 221 221
221 221 221 221 221 221 213 219 166 189 221 221 221 221 221 221
221 221 221 221 221 221 207 129 174  62 199 221 221 221 221 221
221 221 221 221 221 221  91 178 178 146 181 221 221 221 221 221
221 221 221 221 221 221 221 175 132 176 176 170 221 221 221 221
221 221 221 221 221 221 221 221 206 225 187 157 221 221 221 221
221 221 221 221 221 221 221 221 221 207 221 221 221 221 221 221
221 221 221 221 221 221 221 221 221 221 101 221 221 221 221 221
221 221 221 221 221 221 221 221 221 221 221 221 221 221 221 221
221 221 221 221 221 221 221 221 221 221 221 221 221 221 221 221
